    364

 C       2.29780219780220        1.67000151490212        18.3300000000000     
 C       1.14890109890110       0.835000757451062        18.3300000000000     
 C      0.851538461538467        3.65995659107054        18.3300000000000     
 C       3.69000000000002        3.55070415551619        21.6700000000000     
 C      1.068589661201713E-015   1.42028166220645        21.6700000000000     
 C       4.59560439560441        3.34000302980425        18.3300000000000     
 C      0.702857142857157        5.07243450788029        18.3300000000000     
 C       2.14912087912088        3.08247943171186        18.3300000000000     
 C       3.29802197802199        3.91748018916293        18.3300000000000     
 C       1.23000000000001        4.97098581772267        21.6700000000000     
 C     -6.106226635438361E-016   5.68112664882591        21.6700000000000     
 C       2.46000000000001        5.68112664882591        21.6700000000000     
 C       2.46000000000001        7.10140831103239        21.6700000000000     
 C       3.69000000000000        7.81154914213564        21.6700000000000     
 C       1.23000000000000        3.55070415551619        21.6700000000000     
 C       2.46000000000003        2.84056332441297        21.6700000000000     
 C       3.69000000000000        4.97098581772267        21.6700000000000     
 C     -5.551115123125783E-017   2.84056332441295        21.6700000000000     
 C       4.29824175824176        6.16495886342373        18.3300000000000     
 C       3.14934065934067        5.32995810597266        18.3300000000000     
 C       4.14956043956046        7.57743678023348        18.3300000000000     
 C       1.85175824175827        5.90743526533135        18.3300000000000     
 C       7.38000000000001        5.68112664882591        21.6700000000000     
 C       8.61000000000000        9.23183080434211        21.6700000000000     
 C       4.92000000000002        5.68112664882592        21.6700000000000     
 C       6.15000000000001        4.97098581772267        21.6700000000000     
 C       8.74516483516487        10.9174398100377        18.3300000000000     
 C       7.59626373626374        10.0824390525866        18.3300000000000     
 C       7.38000000000001        9.94197163544536        21.6700000000000     
 C       6.15000000000000        9.23183080434211        21.6700000000000     
 C       6.15000000000001        7.81154914213564        21.6700000000000     
 C       7.38000000000001        7.10140831103239        21.6700000000000     
 C       5.29846153846154        8.41243753768453        18.3300000000000     
 C       4.92000000000000        7.10140831103239        21.6700000000000     
 C       7.74494505494508        8.66996113577692        18.3300000000000     
 C       9.04252747252749        8.09248397641824        18.3300000000000     
 C       8.61000000000000        7.81154914213563        21.6700000000000     
 C       6.59604395604397        7.83496037832586        18.3300000000000     
 C       8.04230769230770        5.84500530215743        18.3300000000000     
 C       9.19120879120881        6.68000605960851        18.3300000000000     
 C       6.74472527472527        6.42248246151612        18.3300000000000     
 C       5.59582417582419        5.58748170406506        18.3300000000000     
 C       5.74450549450550        4.17500378725531        18.3300000000000     
 C       11.0700000000000        9.23183080434211        21.6700000000000     
 C       9.84000000000001        9.94197163544536        21.6700000000000     
 C       12.3000000000000        9.94197163544536        21.6700000000000     
 C       10.0427472527473        10.3399626506790        18.3300000000000     
 C       13.5300000000000        12.0723941287551        21.6700000000000     
 C       13.6381318681319        11.4324870062225        18.3300000000000     
 C       12.4892307692308        10.5974862487715        18.3300000000000     
 C       13.4894505494506        12.8449649230322        18.3300000000000     
 C       13.5300000000000        9.23183080434211        21.6700000000000     
 C       11.1916483516484        11.1749634081301        18.3300000000000     
 C       11.0429670329671        12.5874413249398        18.3300000000000     
 C       10.1914285714286        8.92748473386930        18.3300000000000     
 C       11.0700000000000        12.0723941287551        21.6700000000000     
 C       12.1918681318682        13.4224420823909        18.3300000000000     
 C       12.6379120879121        9.18500833196168        18.3300000000000     
 C       13.5300000000000        13.4926757909616        21.6700000000000     
 C       11.4890109890110        8.35000757451061        18.3300000000000     
 C       11.0700000000000        7.81154914213564        21.6700000000000     
 C       9.84000000000000        11.3622532976518        21.6700000000000     
 C       12.3000000000000        11.3622532976518        21.6700000000000     
 C       9.84000000000000        7.10140831103238        21.6700000000000     
 C       19.0852747252747        18.4324466270973        18.3300000000000     
 C       19.3826373626374        15.6074907934778        18.3300000000000     
 C       18.4500000000000        17.7535207775810        21.6700000000000     
 C       17.9363736263736        17.5974458696462        18.3300000000000     
 C       18.4500000000000        16.3332391153745        21.6700000000000     
 C       14.7600000000000        14.2028166220648        21.6700000000000     
 C       15.9900000000000        16.3332391153745        21.6700000000000     
 C       17.2200000000000        15.6230982842713        21.6700000000000     
 C       17.2200000000000        14.2028166220648        21.6700000000000     
 C       18.4500000000000        13.4926757909616        21.6700000000000     
 C       15.9900000000000        13.4926757909616        21.6700000000000     
 C       16.0846153846154        11.6900106043149        18.3300000000000     
 C       14.9357142857143        10.8550098468638        18.3300000000000     
 C       18.0850549450549        16.1849679528365        18.3300000000000     
 C       16.9361538461539        15.3499671953854        18.3300000000000     
 C       14.4896703296703        15.0924435972930        18.3300000000000     
 C       14.7600000000000        15.6230982842713        21.6700000000000     
 C       15.6385714285714        15.9274443547441        18.3300000000000     
 C       15.9359340659341        13.1024885211246        18.3300000000000     
 C       14.6383516483517        13.6799656804833        18.3300000000000     
 C       17.0848351648352        13.9374892785757        18.3300000000000     
 C       18.4500000000000        12.0723941287551        21.6700000000000     
 C       17.2200000000000        11.3622532976518        21.6700000000000     
 C       15.9900000000000        12.0723941287551        21.6700000000000     
 C       14.7600000000000        9.94197163544535        21.6700000000000     
 C       14.7600000000000        11.3622532976518        21.6700000000000     
 C       18.3824175824176        13.3600121192170        18.3300000000000     
 C       19.5313186813187        14.1950128766680        18.3300000000000     
 C       2.70329670329669        9.56739185640188        18.3300000000000     
 C       1.40571428571431        10.1448690157606        18.3300000000000     
 C       3.85219780219782        10.4023926138530        18.3300000000000     
 C       2.40593406593405        12.3923476900214        18.3300000000000     
 C       3.69000000000000        9.23183080434211        21.6700000000000     
 C       1.25703296703300        11.5573469325703        18.3300000000000     
 C       1.23000000000000        9.23183080434211        21.6700000000000     
 C      6.883382752675971E-015   9.94197163544536        21.6700000000000     
 C       2.46000000000001        9.94197163544536        21.6700000000000     
 C      2.109423746787797E-015   11.3622532976518        21.6700000000000     
 C       2.85197802197803        8.15491393959214        18.3300000000000     
 C       1.23000000000000        12.0723941287551        21.6700000000000     
 C      0.405494505494538        7.89739034149977        18.3300000000000     
 C       1.70307692307693        7.31991318214108        18.3300000000000     
 C       3.69000000000002        13.4926757909616        21.6700000000000     
 C       3.70351648351650        11.8148705306627        18.3300000000000     
 C      0.256813186813220        9.30986825830951        18.3300000000000     
 C       2.46000000000000        11.3622532976518        21.6700000000000     
 C       3.69000000000000        12.0723941287551        21.6700000000000     
 C       1.23000000000001        7.81154914213564        21.6700000000000     
 C     -1.221245327087672E-015   7.10140831103239        21.6700000000000     
 C       8.59648351648356        12.3299177268475        18.3300000000000     
 C       7.29890109890111        12.9073948862061        18.3300000000000     
 C       4.92000000000000        11.3622532976518        21.6700000000000     
 C       6.29868131868133        10.6599162119453        18.3300000000000     
 C       5.14978021978027        9.82491545449427        18.3300000000000     
 C       4.92000000000001        9.94197163544536        21.6700000000000     
 C       8.15043956043956        16.5673514772767        18.3300000000000     
 C       6.15000000000000        12.0723941287551        21.6700000000000     
 C       8.61000000000000        16.3332391153745        21.6700000000000     
 C       7.38000000000001        15.6230982842713        21.6700000000000     
 C       8.61000000000000        12.0723941287551        21.6700000000000     
 C       6.15000000000005        12.0723941287551        18.3300000000000     
 C       7.38000000000000        11.3622532976518        21.6700000000000     
 C       4.92000000000002        14.2028166220648        21.6700000000000     
 C       8.29912087912088        15.1548735604669        18.3300000000000     
 C       4.70373626373627        14.0623492049235        18.3300000000000     
 C       7.15021978021978        14.3198728030159        18.3300000000000     
 C       8.61000000000000        13.4926757909615        21.6700000000000     
 C       6.15000000000001        13.4926757909616        21.6700000000000     
 C       7.38000000000001        14.2028166220648        21.6700000000000     
 C       5.85263736263737        14.8973499623746        18.3300000000000     
 C       4.85241758241763        12.6498712881138        18.3300000000000     
 C       13.5300000000000        16.3332391153745        21.6700000000000     
 C       12.3000000000000        15.6230982842713        21.6700000000000     
 C       9.29934065934067        17.4023522347277        18.3300000000000     
 C       13.1920879120879        15.6699207566517        18.3300000000000     
 C       10.7456043956044        15.4123971585593        18.3300000000000     
 C       12.0431868131868        14.8349199992006        18.3300000000000     
 C       9.74538461538462        13.1649184842985        18.3300000000000     
 C       9.59670329670330        14.5773964011083        18.3300000000000     
 C       13.5300000000000        20.5940841019940        21.6700000000000     
 C       13.5300000000000        17.7535207775810        21.6700000000000     
 C       12.3000000000000        14.2028166220648        21.6700000000000     
 C       11.0700000000000        17.7535207775810        21.6700000000000     
 C       12.3000000000000        18.4636616086842        21.6700000000000     
 C       14.0436263736264        19.3298773477223        18.3300000000000     
 C       12.7460439560440        19.9073545070809        18.3300000000000     
 C       9.84000000000000        14.2028166220648        21.6700000000000     
 C       11.0700000000000        13.4926757909615        21.6700000000000     
 C       11.5971428571429        19.0723537496299        18.3300000000000     
 C       11.7458241758242        17.6598758328201        18.3300000000000     
 C       10.5969230769231        16.8248750753691        18.3300000000000     
 C       13.0434065934066        17.0823986734615        18.3300000000000     
 C       11.0700000000000        16.3332391153745        21.6700000000000     
 C       9.84000000000000        15.6230982842713        21.6700000000000     
 C       12.3000000000000        19.8839432708907        21.6700000000000     
 C       9.84000000000001        18.4636616086842        21.6700000000000     
 C       14.1923076923077        17.9173994309125        18.3300000000000     
 C       16.1927472527473        22.4123567794341        18.3300000000000     
 C       17.4903296703297        21.8348796200754        18.3300000000000     
 C       18.4500000000000        20.5940841019940        21.6700000000000     
 C       15.1925274725275        20.1648781051733        18.3300000000000     
 C       17.2200000000000        19.8839432708907        21.6700000000000     
 C       17.6390109890110        20.4224017032657        18.3300000000000     
 C       18.9365934065934        19.8449245439070        18.3300000000000     
 C       16.4901098901099        19.5874009458146        18.3300000000000     
 C       15.4898901098901        17.3399222715538        18.3300000000000     
 C       16.6387912087912        18.1749230290049        18.3300000000000     
 C       15.0438461538462        21.5773560219831        18.3300000000000     
 C       15.9900000000000        20.5940841019940        21.6700000000000     
 C       14.7600000000000        19.8839432708907        21.6700000000000     
 C       15.9900000000000        22.0143657642004        21.6700000000000     
 C       17.2200000000000        18.4636616086842        21.6700000000000     
 C       15.9900000000000        17.7535207775810        21.6700000000000     
 C       18.6392307692308        22.6698803775265        18.3300000000000     
 C       18.4500000000000        22.0143657642004        21.6700000000000     
 C       18.4905494505495        24.0823582943362        18.3300000000000     
 C       17.2200000000000        22.7245065953037        21.6700000000000     
 C       14.7600000000000        18.4636616086842        21.6700000000000     
 C       2.46000000000002        15.6230982842713        21.6700000000000     
 C       1.23000000000001        17.7535207775810        21.6700000000000     
 C       3.69000000000002        16.3332391153745        21.6700000000000     
 C     -2.553512956637860E-015   15.6230982842713        21.6700000000000     
 C       1.22999999999999        16.3332391153745        21.6700000000000     
 C       3.40615384615384        14.6398263642822        18.3300000000000     
 C       2.25725274725275        13.8048256068311        18.3300000000000     
 C     -0.486593406593400        16.3722578423582        18.3300000000000     
 C     -0.189230769230767        13.5473020087387        18.3300000000000     
 C       1.95989010989013        16.6297814404506        18.3300000000000     
 C      0.959670329670332        14.3823027661898        18.3300000000000     
 C       3.25747252747254        16.0523042810919        18.3300000000000     
 C     -2.442490654175344E-015   14.2028166220648        21.6700000000000     
 C       2.46000000000002        14.2028166220648        21.6700000000000     
 C      0.810989010989014        15.7947806829995        18.3300000000000     
 C       1.23000000000003        13.4926757909616        21.6700000000000     
 C       2.46000000000001        18.4636616086842        21.6700000000000     
 C       1.81120879120882        18.0422593572603        18.3300000000000     
 C     -4.054945054941783E-002   12.1348240919290        18.3300000000000     
 C       3.69000000000000        17.7535207775810        21.6700000000000     
 C       2.96010989010991        18.8772601147114        18.3300000000000     
 C       4.40637362637363        16.8873050385430        18.3300000000000     
 C       6.40681318681321        21.3822623870646        18.3300000000000     
 C       5.25791208791210        20.5472616296135        18.3300000000000     
 C       7.70439560439563        20.8047852277059        18.3300000000000     
 C       6.15000000000001        20.5940841019940        21.6700000000000     
 C       4.92000000000000        19.8839432708907        21.6700000000000     
 C       7.38000000000001        19.8839432708907        21.6700000000000     
 C       9.15065934065934        18.8148301515375        18.3300000000000     
 C       4.25769230769231        18.2997829553527        18.3300000000000     
 C       4.92000000000002        15.6230982842713        21.6700000000000     
 C       6.70417582417583        18.5573065534451        18.3300000000000     
 C       7.85307692307695        19.3923073108962        18.3300000000000     
 C       5.40659340659340        19.1347837128038        18.3300000000000     
 C       6.85285714285715        17.1448286366354        18.3300000000000     
 C       7.38000000000001        18.4636616086842        21.6700000000000     
 C       5.70395604395605        16.3098278791843        18.3300000000000     
 C       6.15000000000001        16.3332391153745        21.6700000000000     
 C       8.61000000000000        17.7535207775810        21.6700000000000     
 C       4.92000000000002        18.4636616086842        21.6700000000000     
 C       7.38000000000001        22.7245065953037        21.6700000000000     
 C       8.61000000000000        22.0143657642004        21.6700000000000     
 C       6.15000000000000        22.0143657642004        21.6700000000000     
 C       8.85329670329670        21.6397859851570        18.3300000000000     
 C       8.61000000000000        20.5940841019940        21.6700000000000     
 C       8.70461538461538        23.0522639019667        18.3300000000000     
 C       6.15000000000001        17.7535207775810        21.6700000000000     
 C       11.0700000000000        20.5940841019940        21.6700000000000     
 C       9.84000000000000        19.8839432708907        21.6700000000000     
 C       13.5300000000000        24.8549290886134        21.6700000000000     
 C       12.1513186813187        25.5572661743199        18.3300000000000     
 C       13.3002197802198        26.3922669317710        18.3300000000000     
 C       12.3000000000000        24.1447882575102        18.3300000000000     
 C       11.1510989010989        23.3097875000591        18.3300000000000     
 C       10.1508791208791        21.0623088257983        18.3300000000000     
 C       11.0700000000000        22.0143657642004        21.6700000000000     
 C       12.5973626373627        21.3198324238907        18.3300000000000     
 C       11.2997802197802        21.8973095832493        18.3300000000000     
 C       11.0700000000000        24.8549290886134        21.6700000000000     
 C       12.3000000000000        24.1447882575102        21.6700000000000     
 C       13.7462637362638        22.1548331813417        18.3300000000000     
 C       9.84000000000000        24.1447882575102        21.6700000000000     
 C       9.85351648351648        23.8872646594178        18.3300000000000     
 C       12.3000000000000        22.7245065953037        21.6700000000000     
 C       13.5300000000000        26.2752107508199        21.6700000000000     
 C       9.84000000000001        22.7245065953037        21.6700000000000     
 C       13.5300000000000        22.0143657642004        21.6700000000000     
 C       10.2995604395605        19.6498309089886        18.3300000000000     
 C       13.5975824175824        23.5673110981515        18.3300000000000     
 C       17.2200000000000        26.9853515819231        21.6700000000000     
 C       15.9900000000000        26.2752107508199        21.6700000000000     
 C       18.0445054945055        28.3197920447655        18.3300000000000     
 C       18.4500000000000        26.2752107508199        21.6700000000000     
 C       14.7464835164835        24.4023118556026        18.3300000000000     
 C       16.0440659340659        23.8248346962439        18.3300000000000     
 C       15.5980219780220        28.0622684466731        18.3300000000000     
 C       16.7469230769231        28.8972692041241        18.3300000000000     
 C       17.1929670329670        24.6598354536949        18.3300000000000     
 C       18.1931868131868        26.9073141279557        18.3300000000000     
 C       17.0442857142857        26.0723133705047        18.3300000000000     
 C       14.7600000000000        26.9853515819231        21.6700000000000     
 C       15.7467032967033        26.6497905298633        18.3300000000000     
 C       14.5978021978022        25.8147897724123        18.3300000000000     
 C       18.4500000000000        29.1157740752328        21.6700000000000     
 C       14.7600000000000        22.7245065953037        21.6700000000000     
 C       14.7600000000000        24.1447882575102        21.6700000000000     
 C       17.2200000000000        28.4056332441296        21.6700000000000     
 C       17.2200000000000        24.1447882575102        21.6700000000000     
 C       18.4500000000000        24.8549290886134        21.6700000000000     
 C       15.9900000000000        24.8549290886134        21.6700000000000     
 C       3.81164835164837        22.5372167057819        18.3300000000000     
 C       2.51406593406596        23.1146938651406        18.3300000000000     
 C       3.96032967032969        21.1247387889722        18.3300000000000     
 C      6.758241758244865E-002   22.8571702670482        18.3300000000000     
 C       1.36516483516486        22.2796931076896        18.3300000000000     
 C     -0.932637362637345        20.6096915927874        18.3300000000000     
 C      0.364945054945086        20.0322144334288        18.3300000000000     
 C      -1.08131868131868        22.0221695095972        18.3300000000000     
 C       2.81142857142858        20.2897380315211        18.3300000000000     
 C       1.51384615384618        20.8672151908798        18.3300000000000     
 C       2.46000000000001        19.8839432708907        21.6700000000000     
 C       3.69000000000000        20.5940841019940        21.6700000000000     
 C     -3.774758283725532E-015   19.8839432708907        21.6700000000000     
 C       1.23000000000001        20.5940841019940        21.6700000000000     
 C       2.36538461538461        24.5271717819504        18.3300000000000     
 C       3.51428571428571        25.3621725394014        18.3300000000000     
 C      1.387778780781446E-014   18.4636616086842        21.6700000000000     
 C       3.69000000000002        26.2752107508199        21.6700000000000     
 C       2.46000000000000        24.1447882575102        21.6700000000000     
 C       3.69000000000000        24.8549290886134        21.6700000000000     
 C     -4.440892098500626E-016   24.1447882575102        21.6700000000000     
 C       1.23000000000000        24.8549290886134        21.6700000000000     
 C       2.46000000000000        22.7245065953037        21.6700000000000     
 C       3.69000000000000        22.0143657642004        21.6700000000000     
 C      4.218847493575595E-015   22.7245065953037        21.6700000000000     
 C       1.23000000000000        22.0143657642004        21.6700000000000     
 C     -0.635274725274709        17.7847357591680        18.3300000000000     
 C      0.513626373626386        18.6197365166190        18.3300000000000     
 C       6.15000000000001        26.2752107508199        21.6700000000000     
 C       7.38000000000000        26.9853515819231        21.6700000000000     
 C       4.92000000000001        26.9853515819231        21.6700000000000     
 C       4.92000000000001        22.7245065953037        21.6700000000000     
 C       4.81186813186813        24.7846953800427        18.3300000000000     
 C       8.61000000000000        26.2752107508199        21.6700000000000     
 C       8.61000000000000        29.1157740752328        21.6700000000000     
 C       4.96054945054946        23.3722174632330        18.3300000000000     
 C       7.38000000000001        28.4056332441296        21.6700000000000     
 C       7.40703296703301        23.6297410613254        18.3300000000000     
 C       6.25813186813188        22.7947403038743        18.3300000000000     
 C       8.40725274725275        25.8772197355862        18.3300000000000     
 C       8.61000000000000        24.8549290886134        21.6700000000000     
 C       7.25835164835165        25.0422189781351        18.3300000000000     
 C       5.81208791208791        27.0321740543035        18.3300000000000     
 C       7.38000000000000        24.1447882575102        21.6700000000000     
 C       6.15000000000000        24.8549290886134        21.6700000000000     
 C       5.96076923076923        25.6196961374938        18.3300000000000     
 C       4.92000000000000        24.1447882575102        21.6700000000000     
 C       6.96098901098902        27.8671748117546        18.3300000000000     
 C       8.25857142857143        27.2896976523959        18.3300000000000     
 C       12.3000000000000        31.2461965685425        21.6700000000000     
 C       13.5300000000000        30.5360557374393        21.6700000000000     
 C       11.7052747252747        29.7946999247491        18.3300000000000     
 C       10.4076923076923        30.3721770841078        18.3300000000000     
 C       12.8541758241758        30.6297006822002        18.3300000000000     
 C       12.7054945054945        32.0421785990099        18.3300000000000     
 C       11.0700000000000        30.5360557374393        21.6700000000000     
 C       9.25879120879122        29.5371763266567        18.3300000000000     
 C       10.8537362637363        26.1347433336786        18.3300000000000     
 C       13.5300000000000        29.1157740752328        21.6700000000000     
 C       11.0700000000000        29.1157740752328        21.6700000000000     
 C       12.3000000000000        28.4056332441296        21.6700000000000     
 C       11.0700000000000        26.2752107508199        21.6700000000000     
 C       12.3000000000000        26.9853515819231        21.6700000000000     
 C       9.70483516483517        25.2997425762275        18.3300000000000     
 C       9.84000000000000        26.9853515819231        21.6700000000000     
 C       11.8539560439560        28.3822220079394        18.3300000000000     
 C       10.7050549450550        27.5472212504883        18.3300000000000     
 C       13.1515384615385        27.8047448485807        18.3300000000000     
 C       9.84000000000001        28.4056332441296        21.6700000000000     
 C       9.40747252747253        28.1246984098470        18.3300000000000     
 C       14.3004395604396        28.6397456060318        18.3300000000000     
 C       14.7600000000000        32.6664782307490        21.6700000000000     
 C       17.5984615384616        32.5572257951947        18.3300000000000     
 C       18.4500000000000        34.7969007240587        21.6700000000000     
 C       15.3006593406594        30.8872242802926        18.3300000000000     
 C       16.5982417582418        30.3097471209339        18.3300000000000     
 C       17.7471428571429        31.1447478783849        18.3300000000000     
 C       14.1517582417582        30.0522235228415        18.3300000000000     
 C       17.2200000000000        31.2461965685425        21.6700000000000     
 C       18.4500000000000        30.5360557374393        21.6700000000000     
 C       14.7600000000000        31.2461965685426        21.6700000000000     
 C       15.9900000000000        30.5360557374393        21.6700000000000     
 C       16.1521978021978        34.5471808713631        18.3300000000000     
 C       17.3010989010989        35.3821816288142        18.3300000000000     
 C       15.1519780219780        32.2997021971023        18.3300000000000     
 C       18.4500000000000        33.3766190618523        21.6700000000000     
 C       16.3008791208791        33.1347029545534        18.3300000000000     
 C       15.9900000000000        33.3766190618523        21.6700000000000     
 C       17.2200000000000        32.6664782307490        21.6700000000000     
 C       15.9900000000000        29.1157740752328        21.6700000000000     
 C       14.7600000000000        28.4056332441296        21.6700000000000     
 C       13.8543956043956        32.8771793564610        18.3300000000000     
